camera_matrix:
- - 583.2584513773768
  - 0.0
  - 319.25333220698957
- - 0.0
  - 584.9844899662711
  - 224.31431445680366
- - 0.0
  - 0.0
  - 1.0
dist_coeff:
- - -0.22456377446319717
  - 1.1437650555922811
  - -0.005203093402116052
  - -0.007185864464286656
  - -3.811686180140768
rvecs:
- - - 0.03587685732327639
  - - -0.05380411521147565
  - - -1.1953992710634365
- - - -0.05684966215734546
  - - -0.08849716054242864
  - - 1.3794025261563605
- - - -0.030320017267638902
  - - -0.11348690812697355
  - - 1.4595988868289136
- - - -0.05145077758428783
  - - -0.07392936854560432
  - - 1.4228377570657338
- - - -0.09511456242396987
  - - -0.030343082659099855
  - - 1.3312278037979712
- - - 0.08241252909572183
  - - -0.04899851254731834
  - - -1.5524249678708089
- - - 0.11526410272291734
  - - 0.04131663046371163
  - - -0.7952212093097256
- - - -0.040807059790211375
  - - -0.1144101258291033
  - - 1.475556387006239
- - - -0.055725234396454014
  - - -0.07331087134491726
  - - 1.4035259229456214
- - - -0.047113301985077086
  - - -0.09704887669116713
  - - 1.5276486558545506
- - - 0.09340987963892738
  - - 0.0023365921337010617
  - - -0.16302103721510075
- - - 0.07336768630874821
  - - -0.046676324922810424
  - - -1.5361714113927767
- - - -0.04895609038470729
  - - -0.07418915148843928
  - - 1.4967151924494027
- - - 0.05955611952066168
  - - -0.044535668139661054
  - - -1.2865765144061228
- - - -0.019153920214035565
  - - -0.12593067997554977
  - - 1.4420604238193473
- - - 0.0919221434323577
  - - -0.012325098897939903
  - - -1.4155967404150693
- - - 0.10507444058967798
  - - -0.05137049565608444
  - - -1.2659015111994463
- - - -0.0890365199598981
  - - -0.02817689017413878
  - - 1.2982906757675248
- - - -0.06364168922291741
  - - -0.06242863081271556
  - - 1.4546374093867334
- - - 0.07387303856129622
  - - 0.0031124056990310244
  - - -0.3786687597188008
tvecs:
- - - -7.977593759660936
  - - 5.573096992701019
  - - 34.63890193447219
- - - -3.914117834647907
  - - 0.20338507008050263
  - - 34.90879319731221
- - - -3.3385536220920393
  - - 0.6100746204338178
  - - 34.82489450142559
- - - -2.20855242706203
  - - 3.616226220561697
  - - 35.014330061427124
- - - -2.5379197117656758
  - - 4.977130561235882
  - - 35.129042947032744
- - - -8.874645098630172
  - - 4.859541631090225
  - - 34.53664383272739
- - - -5.984988071764563
  - - -4.490797225252431
  - - 34.452583102094266
- - - -3.7262197797751946
  - - -2.062696957336001
  - - 34.790971487301306
- - - -2.396341640452648
  - - 4.119621228896262
  - - 34.996982922547915
- - - -3.0664946823605774
  - - -0.4107589183063579
  - - 34.903779637166316
- - - -4.558377938572398
  - - -6.2737311721424165
  - - 34.33684451225327
- - - -8.850416117279247
  - - 5.5420211213384905
  - - 34.554857489313704
- - - -2.220946099776841
  - - 0.6747471078681843
  - - 35.01568073715486
- - - -8.422984260922485
  - - 4.391617489149043
  - - 34.599549837183055
- - - -3.602137191697543
  - - -0.741880980365352
  - - 34.73705425187312
- - - -8.165244598710238
  - - 4.18413027528073
  - - 34.690818487086595
- - - -10.686631272994102
  - - 1.8827516458112266
  - - 34.24945089241021
- - - -2.2322230510323755
  - - 4.739409685237549
  - - 35.137213869699806
- - - -2.5189044793332007
  - - 2.0561548010770783
  - - 35.04420458260276
- - - -4.839956008506643
  - - -3.7456069745135667
  - - 34.61077866876671
